1 0 29 0
2 30 49 1
3 30 49 1
4 0 49 0
5 0 49 0
6 0 49 0
7 0 49 0
8 0 49 0
9 0 49 0
10 0 49 0
11 0 49 0
12 0 49 0
13 0 46 0
14 47 49 13
15 47 49 13
16 0 28 0
17 29 49 16
18 29 49 16
19 0 49 0
20 0 35 0
21 36 49 20
22 36 49 20
23 0 19 0
24 0 49 0
25 0 49 0
26 0 49 0
27 0 49 0
28 0 16 0
29 17 33 28
30 34 49 29
31 34 49 29
32 17 49 28
33 0 49 0
34 0 49 0
35 0 49 0
36 0 49 0
37 0 49 0
38 0 36 0
39 37 49 38
40 37 49 38
41 0 49 0
42 0 49 0
43 0 49 0
44 0 10 0
45 11 49 44
46 11 49 44
47 0 49 0
48 0 49 0
49 0 49 0
50 0 49 0
51 0 49 0
52 0 49 0
53 0 49 0
54 0 49 0
55 0 49 0
56 0 49 0
57 0 35 0
58 36 49 57
59 36 49 57
60 0 49 0
61 0 49 0
62 0 49 0
63 0 49 0
64 0 49 0
65 0 49 0
66 0 49 0
67 0 49 0
68 0 49 0
69 0 49 0
70 0 49 0
71 0 17 0
72 18 49 71
73 18 29 71
74 0 49 0
75 0 49 0
76 0 49 0
77 0 31 0
78 32 49 77
79 32 49 77
80 0 49 0
81 0 49 0
82 0 49 0
83 0 49 0
84 0 49 0
85 0 49 0
86 0 49 0
87 0 49 0
88 16 49 0
